// 誠品沒有
4713375690993
9789863574392
4717702298074
9991140425031

// 金石堂沒有
4713375690993
9789863574392
4717702298074
4717211037836
9991140425031

// 國資圖沒有
9786264173278
9786269959204
9786264181495
9786263981959
9786267648155
9786263585959
9786260236809
4717211037850
9786260239084
9789863878131
9786264193832
9786267063866
9786260235055
9786269917488
9789861755267
9786267650295
4713375690993
9786267555835
9789861344393
9789863574392
4711510763342
9786260236847
4717702298074
4717211037836
9786264172899
9789573342786
9786267685068
9786267521281
9786260243739
9786260236724
9991140425031
9786267558775
9786260240141
9789869866262
9786267691113
9786260242480
9786267678268
9786260243364
9786267366882
9786260243753
9786264190824
9786269824861
9786267118634
9786264192514
9789861755373
9786260242817
9789861366968
9786264181341
9789861339696
9786263902572
9786267596753
9786267506844
9786260243357
9786267678237
9786260240356
9786264224024
9786269952724
9786260240158
9786260213312
9789863365662

// 台北市立圖書館沒有
9786264173278
9786269959204
9786264181495
9786263981959
9786267648155
9786263585959
9786260236809
4717211037850
9786260239084
9789863878131
9786264193832
9786260235055
9786269917488
9786267650295
4713375690993
9786267555835
9789863574392
4711510763342
9786260236847
4717702298074
4717211037836
9786264172899
9789573342786
9786267685068
9786267521281
9786260243739
9786260236724
9991140425031
9786267650028
9786267558775
9786260240141
9786267691113
9786260242480
9786267678268
9786260243364
9786267366882
9786260243753
9786264190824
9786269824861
9786264192514
9786260242817
9786264181341
9789861339696
9786263902572
9786267596753
9786267506844
9786260243357
9786267678237
9786260240356
9786264224024
9786269952724
9786260240158
9786260213312
9789863365662